[9.80580370e-01 9.95648267e-02 9.12149037e-01 3.16358783e-03
 2.01203996e-02 2.01203996e-02 4.45788585e-04 3.15653886e-01
 3.10521403e-02 9.12149037e-01 9.87149652e-01 8.36772578e-02
 8.62832051e-01 1.28903323e-02 5.76937706e-03 5.76937706e-03
 1.05818115e-04 5.08647758e-01 6.10697111e-03 8.62832051e-01
 9.90974335e-01 2.21812730e-02 6.60626352e-01 2.44961325e-03
 1.95529650e-02 1.95529650e-02 4.23623950e-04 4.15288125e-01
 2.53718840e-02 6.60626352e-01 1.16735378e-01 4.83901570e-04
 4.39536966e-04 2.48039869e-02 2.73325914e-04 2.73325914e-04
 1.56500001e-07 4.76488983e-01 1.66694970e-04 4.39536966e-04
 7.88196755e-32 1.49018576e-33 3.01862816e-33 2.47231194e-02
 2.46610879e-34 2.46610879e-34 1.21388465e-67 3.95472611e-01
 1.73300565e-34 3.01862816e-33 9.03147850e-01 3.28390942e-02
 1.46899796e-01 5.75652798e-02 3.70167737e-02 3.70167737e-02
 1.46099378e-03 5.08397289e-01 2.76867262e-02 1.46899796e-01
 1.84001110e-01 9.17207741e-02 4.00768558e-01 5.05028807e-02
 2.04835446e-01 2.04835446e-01 4.19741884e-02 1.76589094e-01
 1.99773002e-01 4.00768558e-01 2.34100205e-03 9.98957731e-04
 6.19903365e-04 8.92526686e-02 7.21029136e-04 7.21029136e-04
 5.25391825e-07 4.30017306e-01 3.78371701e-04 6.19903365e-04
 4.31120127e-07 1.73401022e-08 2.47726258e-08 5.76758973e-02
 5.55625191e-09 5.55625191e-09 2.91185194e-17 8.72918045e-01
 3.22401834e-09 2.47726258e-08 9.81176971e-01 2.50765264e-02
 7.52940060e-01 4.72668282e-02 1.53380921e-02 1.53380921e-02
 2.62794352e-04 3.02159123e-01 1.92956155e-02 7.52940060e-01
 1.95290008e-02 4.21546857e-01 3.44167868e-01 4.03191949e-03
 5.31554012e-01 5.31554012e-01 2.82550313e-01 3.32329851e-01
 5.45095615e-01 3.44167868e-01]